#1
x: [54.78187697802037, 56.206155350558085, 53.92730995449775, 51.79389753491477, 55.921299676050545, 70.16408340142769, 90.39484656991044, 104.06190866782529, 104.77705299331777, 99.78907355021215, 106.0438778324837, 109.8830882329689] 
y: [59.06721108458768, 82.28595369617604, 115.62007789200575, 78.86768560208552, 56.648942990497176, 83.71023206871375, 115.18978924102083, 111.62608817045296, 74.31600508841204, 48.38812842977843, 53.35206675909524, 60.823867652055824]
t: [0.0, 0.09090909090909091, 0.18181818181818182, 0.2727272727272727, 0.36363636363636365, 0.4545454545454546, 0.5454545454545454, 0.6363636363636364, 0.7272727272727273, 0.8181818181818182, 0.9090909090909092, 1.0]
u: [0.0, 0.014285714285714285, 0.02857142857142857, 0.04285714285714286, 0.05714285714285714, 0.07142857142857142, 0.08571428571428572, 0.09999999999999999, 0.11428571428571428, 0.12857142857142856, 0.14285714285714285, 0.15714285714285714, 0.17142857142857143, 0.18571428571428572, 0.19999999999999998, 0.21428571428571427, 0.22857142857142856, 0.24285714285714285, 0.2571428571428571, 0.2714285714285714, 0.2857142857142857, 0.3, 0.3142857142857143, 0.32857142857142857, 0.34285714285714286, 0.35714285714285715, 0.37142857142857144, 0.3857142857142857, 0.39999999999999997, 0.41428571428571426, 0.42857142857142855, 0.44285714285714284, 0.45714285714285713, 0.4714285714285714, 0.4857142857142857, 0.5, 0.5142857142857142, 0.5285714285714286, 0.5428571428571428, 0.5571428571428572, 0.5714285714285714, 0.5857142857142857, 0.6, 0.6142857142857142, 0.6285714285714286, 0.6428571428571428, 0.6571428571428571, 0.6714285714285714, 0.6857142857142857, 0.7, 0.7142857142857143, 0.7285714285714285, 0.7428571428571429, 0.7571428571428571, 0.7714285714285714, 0.7857142857142857, 0.7999999999999999, 0.8142857142857143, 0.8285714285714285, 0.8428571428571429, 0.8571428571428571, 0.8714285714285714, 0.8857142857142857, 0.9, 0.9142857142857143, 0.9285714285714285, 0.9428571428571428, 0.9571428571428571, 0.9714285714285714, 0.9857142857142857, 1.0]

#2
x: [125.1278361131044, 128.1652209575796, 138.79841561345074, 149.02507238050993, 151.2470337471535, 148.98768753603468] 
y: [75.94751881582164, 105.6227937165836, 114.3681429058804, 103.7349482500093, 85.2816347158909, 76.7629422936533]
t: [0.0, 0.2, 0.4, 0.6000000000000001, 0.8, 1.0]
u: [0.0, 0.014285714285714285, 0.02857142857142857, 0.04285714285714286, 0.05714285714285714, 0.07142857142857142, 0.08571428571428572, 0.09999999999999999, 0.11428571428571428, 0.12857142857142856, 0.14285714285714285, 0.15714285714285714, 0.17142857142857143, 0.18571428571428572, 0.19999999999999998, 0.21428571428571427, 0.22857142857142856, 0.24285714285714285, 0.2571428571428571, 0.2714285714285714, 0.2857142857142857, 0.3, 0.3142857142857143, 0.32857142857142857, 0.34285714285714286, 0.35714285714285715, 0.37142857142857144, 0.3857142857142857, 0.39999999999999997, 0.41428571428571426, 0.42857142857142855, 0.44285714285714284, 0.45714285714285713, 0.4714285714285714, 0.4857142857142857, 0.5, 0.5142857142857142, 0.5285714285714286, 0.5428571428571428, 0.5571428571428572, 0.5714285714285714, 0.5857142857142857, 0.6, 0.6142857142857142, 0.6285714285714286, 0.6428571428571428, 0.6571428571428571, 0.6714285714285714, 0.6857142857142857, 0.7, 0.7142857142857143, 0.7285714285714285, 0.7428571428571429, 0.7571428571428571, 0.7714285714285714, 0.7857142857142857, 0.7999999999999999, 0.8142857142857143, 0.8285714285714285, 0.8428571428571429, 0.8571428571428571, 0.8714285714285714, 0.8857142857142857, 0.9, 0.9142857142857143, 0.9285714285714285, 0.9428571428571428, 0.9571428571428571, 0.9714285714285714, 0.9857142857142857, 1.0]

#3
x: [164.82959574759317, 167.2802629341275, 174.1949410378826, 179.2509457166915, 188.7149566339122, 192.09496053291963, 201.08030192420162]
y: [78.55376469386567, 98.63645683404744, 80.60976937267456, 91.20044825623111, 83.31377249188048, 92.00311700236841, 99.28445527444447]
t: [0.0, 0.16666666666666666, 0.3333333333333333, 0.5, 0.6666666666666666, 0.8333333333333333, 1.0]
u: [0.0, 0.020833333333333332, 0.041666666666666664, 0.0625, 0.08333333333333333, 0.10416666666666666, 0.125, 0.14583333333333331, 0.16666666666666666, 0.1875, 0.20833333333333331, 0.22916666666666666, 0.25, 0.2708333333333333, 0.29166666666666663, 0.3125, 0.3333333333333333, 0.35416666666666663, 0.375, 0.3958333333333333, 0.41666666666666663, 0.4375, 0.4583333333333333, 0.47916666666666663, 0.5, 0.5208333333333333, 0.5416666666666666, 0.5625, 0.5833333333333333, 0.6041666666666666, 0.625, 0.6458333333333333, 0.6666666666666666, 0.6875, 0.7083333333333333, 0.7291666666666666, 0.75, 0.7708333333333333, 0.7916666666666666, 0.8125, 0.8333333333333333, 0.8541666666666666, 0.875, 0.8958333333333333, 0.9166666666666666, 0.9375, 0.9583333333333333, 0.9791666666666666, 1.0]

#4
x: [210.03004364841124, 217.62486920797033, 228.44029173245855, 227.74586377732467, 221.04974460765538, 217.76049109296244, 227.2540230424113, 238.37501761176566, 243.93551489644284, 244.20675866642708, 247.15611186137198, 250.54665898617515, 259.49770339565544]
y: [84.58576939690957, 90.82437610654738, 88.82437610654738, 76.12656572234262, 76.9566155624686, 97.19860470117732, 105.06467403072064, 96.24925150623243, 80.38149096215365, 98.91104240101984, 105.74278345568128, 97.48785821587023, 70.31283441238986]
t: [0.0, 0.08333333333333333, 0.16666666666666666, 0.25, 0.3333333333333333, 0.41666666666666663, 0.5, 0.5833333333333333, 0.6666666666666666, 0.75, 0.8333333333333333, 0.9166666666666666, 1.0]
u: [0.0, 0.014285714285714285, 0.02857142857142857, 0.04285714285714286, 0.05714285714285714, 0.07142857142857142, 0.08571428571428572, 0.09999999999999999, 0.11428571428571428, 0.12857142857142856, 0.14285714285714285, 0.15714285714285714, 0.17142857142857143, 0.18571428571428572, 0.19999999999999998, 0.21428571428571427, 0.22857142857142856, 0.24285714285714285, 0.2571428571428571, 0.2714285714285714, 0.2857142857142857, 0.3, 0.3142857142857143, 0.32857142857142857, 0.34285714285714286, 0.35714285714285715, 0.37142857142857144, 0.3857142857142857, 0.39999999999999997, 0.41428571428571426, 0.42857142857142855, 0.44285714285714284, 0.45714285714285713, 0.4714285714285714, 0.4857142857142857, 0.5, 0.5142857142857142, 0.5285714285714286, 0.5428571428571428, 0.5571428571428572, 0.5714285714285714, 0.5857142857142857, 0.6, 0.6142857142857142, 0.6285714285714286, 0.6428571428571428, 0.6571428571428571, 0.6714285714285714, 0.6857142857142857, 0.7, 0.7142857142857143, 0.7285714285714285, 0.7428571428571429, 0.7571428571428571, 0.7714285714285714, 0.7857142857142857, 0.7999999999999999, 0.8142857142857143, 0.8285714285714285, 0.8428571428571429, 0.8571428571428571, 0.8714285714285714, 0.8857142857142857, 0.9, 0.9142857142857143, 0.9285714285714285, 0.9428571428571428, 0.9571428571428571, 0.9714285714285714, 0.9857142857142857, 1.0]

#5
x: [268.41045296926, 272.1697265924749, 272.17647104572205, 270.4171974225072, 268.15960991260414, 273.17309881909847, 284.71525165189325, 289.73211278501117, 287.9762113884199, 291.23717112494654, 304.2810100710532, 310.5554587140741, 309.04702814751516, 312.5588309406977]
y: [56.44723468602619, 51.93205966622007, 58.95566525258515, 67.73517223554151, 84.04334314479834, 97.08718209090492, 90.31779178781932, 73.76552227515377, 89.06020427791626, 100.59898488408746, 95.08043763765775, 69.74866114203584, 84.8026167680132, 97.8397112608726]
t: [0.0, 0.07692307692307693, 0.15384615384615385, 0.23076923076923078, 0.3076923076923077, 0.38461538461538464, 0.46153846153846156, 0.5384615384615385, 0.6153846153846154, 0.6923076923076923, 0.7692307692307693, 0.8461538461538463, 0.9230769230769231, 1.0]
u: [0.0, 0.014285714285714285, 0.02857142857142857, 0.04285714285714286, 0.05714285714285714, 0.07142857142857142, 0.08571428571428572, 0.09999999999999999, 0.11428571428571428, 0.12857142857142856, 0.14285714285714285, 0.15714285714285714, 0.17142857142857143, 0.18571428571428572, 0.19999999999999998, 0.21428571428571427, 0.22857142857142856, 0.24285714285714285, 0.2571428571428571, 0.2714285714285714, 0.2857142857142857, 0.3, 0.3142857142857143, 0.32857142857142857, 0.34285714285714286, 0.35714285714285715, 0.37142857142857144, 0.3857142857142857, 0.39999999999999997, 0.41428571428571426, 0.42857142857142855, 0.44285714285714284, 0.45714285714285713, 0.4714285714285714, 0.4857142857142857, 0.5, 0.5142857142857142, 0.5285714285714286, 0.5428571428571428, 0.5571428571428572, 0.5714285714285714, 0.5857142857142857, 0.6, 0.6142857142857142, 0.6285714285714286, 0.6428571428571428, 0.6571428571428571, 0.6714285714285714, 0.6857142857142857, 0.7, 0.7142857142857143, 0.7285714285714285, 0.7428571428571429, 0.7571428571428571, 0.7714285714285714, 0.7857142857142857, 0.7999999999999999, 0.8142857142857143, 0.8285714285714285, 0.8428571428571429, 0.8571428571428571, 0.8714285714285714, 0.8857142857142857, 0.9, 0.9142857142857143, 0.9285714285714285, 0.9428571428571428, 0.9571428571428571, 0.9714285714285714, 0.9857142857142857, 1.0]

#6
x: [318.2548815365407, 319.0541780560544, 321.05241935483866]
y: [50.27667903599115, 52.87439272441068, 53.87351337380281]
t: [0.0, 0.5, 1.0]
u: [0.0, 0.07142857142857142, 0.14285714285714285, 0.21428571428571427, 0.2857142857142857, 0.3571428571428571, 0.42857142857142855, 0.5, 0.5714285714285714, 0.6428571428571428, 0.7142857142857142, 0.7857142857142857, 0.8571428571428571, 0.9285714285714285, 1.0]

#7
x: [396.4941792403746, 391.22458701873046, 384.60488748699265, 389.25478017689903, 409.3331490634755, 407.06355684183137, 382.24471579084286]
y: [66.08792314321019, 62.458159225416225, 65.42796606724765, 75.6673651307232, 86.85644226391778, 92.80612033363683, 94.14616325767429]
t: [0.0, 0.16666666666666666, 0.3333333333333333, 0.5, 0.6666666666666666, 0.8333333333333333, 1.0]
u: [0.0, 0.020833333333333332, 0.041666666666666664, 0.0625, 0.08333333333333333, 0.10416666666666666, 0.125, 0.14583333333333331, 0.16666666666666666, 0.1875, 0.20833333333333331, 0.22916666666666666, 0.25, 0.2708333333333333, 0.29166666666666663, 0.3125, 0.3333333333333333, 0.35416666666666663, 0.375, 0.3958333333333333, 0.41666666666666663, 0.4375, 0.4583333333333333, 0.47916666666666663, 0.5, 0.5208333333333333, 0.5416666666666666, 0.5625, 0.5833333333333333, 0.6041666666666666, 0.625, 0.6458333333333333, 0.6666666666666666, 0.6875, 0.7083333333333333, 0.7291666666666666, 0.75, 0.7708333333333333, 0.7916666666666666, 0.8125, 0.8333333333333333, 0.8541666666666666, 0.875, 0.8958333333333333, 0.9166666666666666, 0.9375, 0.9583333333333333, 0.9791666666666666, 1.0]

#8
x: [426.29412618681226, 422.8758580927217, 423.5910024182142, 433.5669613044254, 437.9732088416215, 430.56095102597817]
y: [68.73001227254062, 66.17232148041994, 77.56053818227446, 83.82736302144039, 74.14227008818393, 66.59058957451045]
t: [0.0, 0.2, 0.4, 0.6000000000000001, 0.8, 1.0]
u: [0.0, 0.025, 0.05, 0.07500000000000001, 0.1, 0.125, 0.15000000000000002, 0.17500000000000002, 0.2, 0.225, 0.25, 0.275, 0.30000000000000004, 0.325, 0.35000000000000003, 0.375, 0.4, 0.42500000000000004, 0.45, 0.47500000000000003, 0.5, 0.525, 0.55, 0.5750000000000001, 0.6000000000000001, 0.625, 0.65, 0.675, 0.7000000000000001, 0.7250000000000001, 0.75, 0.775, 0.8, 0.8250000000000001, 0.8500000000000001, 0.875, 0.9, 0.925, 0.9500000000000001, 0.9750000000000001, 1.0]

#9
x: [438.1993154960657, 446.97794312841415, 451.1071039707657, 442.67534697018084, 447.08862931223996, 458.3432884187036]
y: [73.44118500271684, 80.0463773191835, 92.3674481359426, 107.10180129476079, 110.79554255828808, 110.99111511093504]
t: [0.0, 0.2, 0.4, 0.6000000000000001, 0.8, 1.0]
u: [0.0, 0.03333333333333333, 0.06666666666666667, 0.1, 0.13333333333333333, 0.16666666666666666, 0.2, 0.23333333333333334, 0.26666666666666666, 0.3, 0.3333333333333333, 0.36666666666666664, 0.4, 0.43333333333333335, 0.4666666666666667, 0.5, 0.5333333333333333, 0.5666666666666667, 0.6, 0.6333333333333333, 0.6666666666666666, 0.7, 0.7333333333333333, 0.7666666666666666, 0.8, 0.8333333333333334, 0.8666666666666667, 0.9, 0.9333333333333333, 0.9666666666666667, 1.0]

#10
x: [528.706010204424, 532.8433755160953, 545.2554714511093, 542.868529925145, 532.8433755160953, 537.3207638212882, 556.1214964250947, 559.4179911718303, 562.5788157497229, 573.5805108925513, 576.6039701587727, 575.6441433797023]
y: [60.90382214846764, 69.97419994713167, 83.81846079772413, 91.93406198600246, 90.29754424574534, 82.88714345355979, 71.99765921335302, 64.63248181078177, 79.50020192759555, 83.22716644708132, 68.17685762898189, 59.72830634042909]
t: [0.0, 0.09090909090909091, 0.18181818181818182, 0.2727272727272727, 0.36363636363636365, 0.4545454545454546, 0.5454545454545454, 0.6363636363636364, 0.7272727272727273, 0.8181818181818182, 0.9090909090909092, 1.0]
u: [0.0, 0.02, 0.04, 0.06, 0.08, 0.1, 0.12, 0.14, 0.16, 0.18, 0.2, 0.22, 0.24, 0.26, 0.28, 0.3, 0.32, 0.34, 0.36, 0.38, 0.4, 0.42, 0.44, 0.46, 0.48, 0.5, 0.52, 0.54, 0.56, 0.58, 0.6, 0.62, 0.64, 0.66, 0.68, 0.7000000000000001, 0.72, 0.74, 0.76, 0.78, 0.8, 0.8200000000000001, 0.84, 0.86, 0.88, 0.9, 0.92, 0.9400000000000001, 0.96, 0.98, 1.0]

#11
x: [589.4434864490426, 593.958830862925, 597.2727659207685, 594.4946344953174, 586.4127976212777, 579.8463051611204, 591.4537160582976, 604.3443731855533, 610.4057508410831, 594.0406677369647]
y: [64.30448668740351, 66.03147006657984, 98.90485080438606, 120.87734480568153, 133.0001001167411, 116.58386896634792, 70.3658643429333, 57.485436824932506, 69.3658643429333, 91.7718658840715]
t: [0.0, 0.1111111111111111, 0.2222222222222222, 0.3333333333333333, 0.4444444444444444, 0.5555555555555556, 0.6666666666666666, 0.7777777777777777, 0.8888888888888888, 1.0]
u: [0.0, 0.02, 0.04, 0.06, 0.08, 0.1, 0.12, 0.14, 0.16, 0.18, 0.2, 0.22, 0.24, 0.26, 0.28, 0.3, 0.32, 0.34, 0.36, 0.38, 0.4, 0.42, 0.44, 0.46, 0.48, 0.5, 0.52, 0.54, 0.56, 0.58, 0.6, 0.62, 0.64, 0.66, 0.68, 0.7000000000000001, 0.72, 0.74, 0.76, 0.78, 0.8, 0.8200000000000001, 0.84, 0.86, 0.88, 0.9, 0.92, 0.9400000000000001, 0.96, 0.98, 1.0]


#12
x: [620.4225243376872, 628.0941283644493, 637.6702938150958, 639.1771108562468, 627.354353926176, 624.3816220907805, 637.6975619797003, 652.9998677863177, 661.3839780867487, 661.123752525022, 687.6044793995528]
y: [67.24772890595511, 75.15229032983943, 71.22046074135064, 57.86361860552415, 63.53522263228626, 85.78299210969483, 86.71482169818363, 65.98750334422843, 57.90452085243086, 82.01594950681704, 43.41133789358199]
t: [0.0, 0.1, 0.2, 0.30000000000000004, 0.4, 0.5, 0.6000000000000001, 0.7000000000000001, 0.8, 0.9, 1.0]
u: [0.0, 0.014285714285714285, 0.02857142857142857, 0.04285714285714286, 0.05714285714285714, 0.07142857142857142, 0.08571428571428572, 0.09999999999999999, 0.11428571428571428, 0.12857142857142856, 0.14285714285714285, 0.15714285714285714, 0.17142857142857143, 0.18571428571428572, 0.19999999999999998, 0.21428571428571427, 0.22857142857142856, 0.24285714285714285, 0.2571428571428571, 0.2714285714285714, 0.2857142857142857, 0.3, 0.3142857142857143, 0.32857142857142857, 0.34285714285714286, 0.35714285714285715, 0.37142857142857144, 0.3857142857142857, 0.39999999999999997, 0.41428571428571426, 0.42857142857142855, 0.44285714285714284, 0.45714285714285713, 0.4714285714285714, 0.4857142857142857, 0.5, 0.5142857142857142, 0.5285714285714286, 0.5428571428571428, 0.5571428571428572, 0.5714285714285714, 0.5857142857142857, 0.6, 0.6142857142857142, 0.6285714285714286, 0.6428571428571428, 0.6571428571428571, 0.6714285714285714, 0.6857142857142857, 0.7, 0.7142857142857143, 0.7285714285714285, 0.7428571428571429, 0.7571428571428571, 0.7714285714285714, 0.7857142857142857, 0.7999999999999999, 0.8142857142857143, 0.8285714285714285, 0.8428571428571429, 0.8571428571428571, 0.8714285714285714, 0.8857142857142857, 0.9, 0.9142857142857143, 0.9285714285714285, 0.9428571428571428, 0.9571428571428571, 0.9714285714285714, 0.9857142857142857, 1.0]

#13
x: [739.2289463969438, 743.3487247342246, 743.3487247342246]
y: [73.71073499919115, 76.86115372769994, 71.74137539041921]
t: [0.0, 0.5, 1.0]
u: [0.0, 0.05, 0.1, 0.15000000000000002, 0.2, 0.25, 0.30000000000000004, 0.35000000000000003, 0.4, 0.45, 0.5, 0.55, 0.6000000000000001, 0.65, 0.7000000000000001, 0.75, 0.8, 0.8500000000000001, 0.9, 0.9500000000000001, 1.0]

#14
x: [738.6767437688469, 738.6223526154458]
y: [56.56627884850694, 48.976334139750335]
t: [0.0, 1.0]
u: [0.0, 0.125, 0.25, 0.375, 0.5, 0.625, 0.75, 0.875, 1.0]

#15
x: [752.5443548387095, 766.2583294619783]
y: [62.057403421793765, 62.12880088412065]
t: [0.0, 1.0]
u: [0.0, 0.25, 0.5, 0.75, 1.0]

#16
x: [771.2595852327167, 776.7356167068319, 773.4023801573705, 767.116790308063]
y: [81.01813336575592, 67.20915569379517, 48.92385619610347, 38.54311812229609]
t: [0.0, 0.3333333333333333, 0.6666666666666666, 1.0]
u: [0.0, 0.05, 0.1, 0.15000000000000002, 0.2, 0.25, 0.30000000000000004, 0.35000000000000003, 0.4, 0.45, 0.5, 0.55, 0.6000000000000001, 0.65, 0.7000000000000001, 0.75, 0.8, 0.8500000000000001, 0.9, 0.9500000000000001, 1.0]
